25

zu 11333133 333111313311131, 1313131 1111131 dem hl. (13313331111131
aber 31311 11311311 131, 13 1131111, (133313333113333111133 bei ihm
113331113331133 111313151311133113311313 1111133133 1113113111
133 dem Hefe des Bertoseh 133 1133113111, 1111111133 1133 3133333
1111131131311313 vin 1113333131 und 1 Μ311 von der 1131133113
,13333333111133333 soll, 1333333 der 11131111 1313113313, 311133.
33133 der Feiertage 3 Messen 3313131131 13 13333 habe, 113113 nur im
131113131333313113 131113133 werden 111333, 331 1311331113 131333 3311.
Der 3133333313 Ρ1133131 131111 1133 131113333313311 1131111131 3131 und
331333 Freunde ,,11133331“ (1) vor, und 1113111131 (13333113 13 113113 11133 ¹
13113133111333 11131333 33 die Gemahlin des Nicolaus 133 Β131133
(1111333331) und 33 1133131 1331131133. 111311 werden 313 Ζ33333
der 1113313313131 und 11311 von Troppau bestimmt. Andreas Koleczek
11131131 1311111333 3313 813331131. - (1333133131131133313 ersten
Mittwoeh der 1331331311. J. 1413.

1131113311

1133 3333 13113 amen. - Κ 1133133313 333311313133331313111
13333133 113311 v 31333 3133133 31133333 epolus 3133133 313333
1133331, Ρ13131 13 13131 03111133 113133131 Sin 31113 113111113 1
1313331131 3 31131 (1311131 31113131 11333311 3 3 redu 3311 313 1311131
3333331 13333331 1 3133 133311 31331331 3 13113331 311313 131313
33313 313331 313131 13133113 1133133313, 3 11131131 1313 13 31113
13113 13113 3 moeznek 1133113 131113 311311 3 po 33133 31333 3313113
111131 31131313 3131113 3 111333313 13313 (13333 3113 31131 31131313
333331311131 przed 33111113 3331313 3 3133133131 (13333 31311333 1313
31111313, 3 31133313 333313 33 1331 131313, 3133133 1331333133131313
313 11313 333 311313313 331313331113 1333133 3 dobrim 1313333 3331313
3131333133 (13113131313 1111313 333 3 311331 31131313 3333333113
Ι011311 13 3113 3 311313 13333311311333 1313 3 swatim: 813133
1131131131, 8131313 Μ11313133, 8131313 Urbana 33131133 1 1331313
31313131133113313 1 01133113 3331133331 1111313 ke 3113 3333 1313
31131331 (11111 313 3113333 3 31313111333313313313313113113 poz-
dwihugi 3 31113133 31133331 311311 3 31311313131133131331133131331
11333 3113111 3 311311311313 13111113 333 3131313131 331113131131131
3131133133, 33 (1111313133 (1131133331Β3113333131331 puel druhey
111. 33 3133 (1331311113 1131133111 13133313133 jednu hrz. 33
1333333133 113113113111 jednu hrz. 33131 11313113 3 33313131 11313331
33 13 331133333 333133 31131331,31313311333313 3 3131313 1311 3131333
3 131131333 od oltarznika 313333331313 3 potem od buduezieh
potomkuow 3113133131 11331313 131113 113113 1333131313 3313

1133133313 31311 3 01311331 3133333133 3 3113311313 31313 313

 

